[INFO]
0	2	32	80
[OBJECTS]
#brick
0	0	2	2	80
0	30	2	32	80
0	0	78	32	80
0	2	74	10	76
0	14	74	30	76
0	2	70	6	72
0	26	70	30	72
0	20	68	22	72.8
0	6	66	26	68
0	2	62	7	64
0	9	62	10	64
0	26	62	30	64
0	16	60	18	64.8
0	10	58	26	60
0	2	54	14	56
0	26	54	30	56
0	20	52	22	56.8
0	6	50	10	52
0	14	50	26	52
0	2	46	6	48
0	26	46	30	48
0	16	44	18	48.8
0	6	42	26	44
0	26	38	30	40
0	2	34	14	36
0	18	34	26	36
0	2	30	6	32
0	6	26	22	28
0	22	22	26	24
0	2	18	22	20
0	6	14	7	16
0	9	14	11	16
0	13	14	15	16
0	17	14	19	16
0	21	14	30	16
0	2	10	10	12
0	22	10	30	12
0	16	8	18	12.8
0	6	6	22	8
0	26	6	30	8
0	2	2	7	4
0	9	2	11	4
0	13	2	15	4
0	17	2	30	4
0	17	2	30	4
0	7	62	9	62.5
0	7	14	9	14.5
0	11	14	13	14.5
0	15	14	17	14.5
0	19	14	21	14.5
0	7	2	9	2.5
0	11	2	13	2.5
0	15	2	17	2.5

1	7	62.2	9	63
1	7	14.2	9	15
1	11	14.2	13	15
1	15	14.2	17	15
1	19	14.2	21	15
1	7	2.2	9	3
1	11	2.2	13	3
1	15	2.2	17	3

2	20	73	21	74
2	21	73	22	74
2	16	65	17	66
2	17	65	18	66
2	20	57	21	58
2	21	57	22	58
2	16	49	17	50
2	17	49	18	50
2	16	13	17	14
2	17	13	18	14

4	10	76
4	10	74
4	14	76
4	14	74
4	6	72
4	6	70
4	26	72
4	26	70
4	6	68
4	6	66
4	26	66
4	26	68
4	10	64
4	10	62
4	26	64
4	26	62
4	10	60
4	10	58
4	26	60
4	26	58
4	14	56
4	14	54
4	26	56
4	26	54
4	6	52
4	6	50
4	10	52
4	10	50
4	14	52
4	14	50
4	26	52
4	26	50
4	6	48
4	6	46
4	26	48
4	26	46
4	6	44
4	6	42
4	26	44
4	26	42
4	26	40
4	26	38
4	14	36
4	14	34
4	18	36
4	18	34
4	26	36
4	26	34
4	6	32
4	6	30
4	6	28
4	6	26
4	22	28
4	22	26
4	22	24
4	22	22
4	26	24
4	26	22
4	22	20
4	22	18
4	6	16
4	6	14
4	10	12
4	10	10
4	22	12
4	22	10
4	6	8
4	6	6
4	22	8
4	22	6
4	26	8
4	26	6


#portal------------------------
#area1
20	2	73	3	74	101	120.5	0
#area3
20	29	9	30	10	103	7	0
#area6
20	29	73	30	74	106	7	0

#enemy-------------------------
#enemy1
101	16	17
101	6	17
#enemy2
102	9	70
102	13	72
102	16	70
#enemy3
103	16	73	0	-1	-1	0
103	27	69	0	-1	-1	0
103	9	5	0	-1	-1	0
103	12	5	0	-1	-1	0
103	17	4	0	1	1	0
#enemy4
104	16	37
104	20	46
104	27	57

#enemy5
105	17	21
105	9	21
105	13	28
#enemy6
106	5	60	2	10
106	22	64	19	26
