[INFO]
32	18	64	128
[OBJECTS]
0	32	18	64	20
0	32	20	34	128
0	62	20	64	128
0	34	126	62	128
0	34	122	42	124
0	58	122	62	124
0	34	118	38	120
0	42	118	58	120
0	46	114	50	116
0	42	112	44	116.8
0	34	110	46	112
0	50	110	62	112
0	34	106	38	108
0	58	106	62	108
0	50	104	52	108.8
0	38	102	42	104
0	46	102	58	104
0	38	102	42	104
0	46	102	58	84
0	58	98	62	100
0	34	94	46	96
0	50	94	58	96
0	34	90	42	92
0	54	90	62	92
0	34	86	38	88
0	38	86	40	88.8
0	42	86	54	88
0	58	86	62	88
0	34	82	42	84
0	50	82	54	84
0	42	80	44	84.8
0	38	78	50	80
0	54	78	62	80
0	34	74	38	76
0	58	74	62	76
0	42	72	44	76.8
0	34	70	50	72
0	54	70	58	72
0	34	66	38	68
0	38	62	42	64
0	46	62	50	64
0	50	58	62	60
0	34	54	50	56
0	58	54	62	56
0	38	50	42	52
0	34	46	38	48
0	42	46	46	48
0	50	46	62	48
0	54	42	58	44
0	34	38	38	40
0	42	38	54	40
0	58	38	62	40
0	46	34	50	36
0	50	30	58	32
0	46	26	50	28
0	34	26	35	28
0	36	26	38	28
0	58	26	62	28
0	58	22	62	24

0	42	103.5	46	104
0	46	95.5	50	96
0	50	71.5	54	72
0	42	63.5	46	64
0	46	47.5	50	48
0	38	39.5	42	40

1	42	103	46	103.2
1	46	95	50	95.2
1	50	71	54	71.2
1	42	63	46	63.2
1	46	47	50	47.2
1	38	39	42	39.2


2	42	117	43	118
2	43	117	44	118
2	50	109	51	110
2	51	109	52	110
2	38	89	39	90
2	39	89	40	90
2	42	85	43	86
2	43	85	44	86
2	42	77	43	78
2	43	77	44	78

3	35	26	36	38
4	38	104
4	38	106
4	38	108
4	46	110
4	46	112
4	50	112
4	46	114
4	46	116
4	50	114
4	50	116
4	42	120
4	58	118
4	58	120
4	58	124
4	58	122
4	42	122
4	44	124
4	38	118
4	38	120
4	58	108
4	58	106
4	58	104
4	58	120	
#protal---------------------------
#area 2
20	34	73	35	74	102	-7	0
#area 7
20	34	89	35	90	107	-7	0
#area 10
20	34	121	35	122	110	121	0
#area 4	
20	61	89	62	90	104	7	0
#area 12
20	61	57	62	58	112	7	0
#area 14
20	61	25	62	26	114	7	0
#enemy---------------------------
20	36	25	37	26	205	303	46
#enemy1
101	60	104
101	55	105
101	47	94
101	43	102
101	44	102
101	50	125
101	57	125
#enemy3
103	49	120	0	1	1	0
103	54	120	0	1	1	0
103	34	114	1	0	0	-1
#enemy4
104	58	85
104	51	90
104	54	98
104	51	75
104	52	41
#enemy6
106	52	36	48	55
106	56	36	50	60
#enemy8
108	43	109
108	47	69
108	46	61
#enemy9
109	56	54
#enemy10
110	39	35
110	42	34