[INFO]
64	82	96	144
[OBJECTS]
0	64	82	66	144
0	94	82	96	144
0	64	82	96	84
0	66	86	70	88
0	86	86	90	88
0	66	90	70	92
0	70	94	71	96
0	73	94	74	96
0	66	98	70	100
0	74	98	75	100
0	77	98	78	100
0	70	102	71	104
0	73	102	74	104
0	78	102	82	104
0	66	106	70	108
0	74	106	78	108
0	82	106	83	108
0	85	106	86	108
0	70	110	74	112
0	78	110	90	112
0	66	114	70	116
0	74	114	75	116
0	77	114	86	116
0	66	118	82	120
0	86	118	90	120
0	70	122	78	124
0	82	122	83	124
0	85	122	90	124
0	66	126	67	128
0	69	126	74	128
0	78	126	79	128
0	81	126	86	128
0	70	130	75	132
0	77	130	82	132
0	86	130	90	132
0	66	134	67	136
0	69	134	70	136
0	74	134	78	136
0	82	134	94	136
0	66	138	74	140
0	78	138	86	140
0	90	138	94	140
0	66	142	94	144

0	67	135.8	69	136
0	75	131.8	77	132
0	67	127.8	69	128
0	79	127.8	81	128
0	83	123.8	85	124
0	75	115.8	77	116
0	83	107.8	85	108
0	71	103.8	73	104
0	75	99.8	77	100
0	71	95.8	73	96

1	67	135	69	135.2
1	75	131	77	131.2
1	67	127	69	127.2
1	79	127	81	127.2
1	83	123	85	123.2
1	75	115	77	115.2
1	83	107	85	107.2
1	71	103	73	103.2
1	75	99	77	99.2
1	71	95	73	95.2

#portal-------------
#area 3
20	66	137	67	138	103	-7	-128
#area 5
20	93	137	94	138	105	7	-128
#area 6
20	66	89	67	90	106	-7	0


#enemy--------------
#enemy 1
101	72	129
101	92	141
101	90	141
101	80	126
101	83	113
101	72	102
101	76	98
#enemy 8
108	84	141
#enemy 10
110	71	114
110	72	115


