[INFO]
256	156	354	256
[OBJECTS]
0	258	253	354	256
0	258	237	354	242
0	258	221	354	226
0	258	205	354	210
0	258	189	354	194
0	258	173	354	178
0	258	157	354	162
0	256	172	258	256
0	270	172	274	256
0	286	172	290	256
0	302	156	306	256
0	318	156	322	256
0	334	172	338	256
0	350	172	354	256
0	290	198	302	201
#bay gai
21	258	226	263	227
21	265	226	270	228
21	267	228	270	231
21	260	229	266	231
21	258	233	270	235
				
21	258	178	270	180
21	268	180	270	183
21	258	180	260	188
21	260	186	263	188
21	262	182	266	184
21	265	184	267	188
21	267	185	270	188
				
21	274	210	279	214
21	274	214	278	220
21	278	218	286	220
21	282	217	286	220
21	281	210	286	214
21	282	214	286	215

21	290	226	295	230
21	292	230	295	232
21	290	232	295	236
21	297	226	298	236
21	300	226	302	236
21	298	226	300	228
21	298	230	300	232
21	298	234	300	237
				
21	306	242	307	247
21	307	242	311	246
21	313	242	317	246
21	317	242	318	247
21	310	248	314	250
21	306	250	318	252
21	306	249	307	250
21	317	249	318	250
				
21	306	210	307	215
21	307	210	311	214
21	313	210	317	214
21	317	210	318	215
21	310	216	314	218
21	306	218	318	220
21	306	217	307	218
21	317	217	318	218
				
21	306	178	311	183
21	308	183	314	184
21	311	182	314	182
21	313	178	318	180
21	316	180	318	188
21	314	185	316	188
21	306	186	314	188
21	306	185	308	186
21	311	182	314	183


#portal 2
20	270	247	272	249	201	5	0
20	272	247	274	249	201	-5	0
20	270	231	272	233	201	5	0
20	272	231	274	233	201	-5	0
20	270	199	272	201	201	5	0
20	272	199	274	201	201	-5	0
20	270	183	272	185	201	5	0
20	272	183	274	185	201	-5	0
							
20	286	247	288	249	201	5	0
20	288	247	290	249	201	-5	0
20	286	215	288	217	201	5	0
20	288	215	290	217	201	-5	0
20	286	183	288	185	201	5	0
20	288	183	290	185	201	-5	0
							
20	302	247	304	249	201	5	0
20	304	247	306	249	201	-5	0
20	302	215	304	217	201	5	0
20	304	215	306	217	201	-5	0
20	302	183	304	185	201	5	0
20	304	183	306	185	201	-5	0
							
20	318	247	320	249	201	5	0
20	320	247	322	249	201	-5	0
20	318	231	320	233	201	5	0
20	320	231	322	233	201	-5	0
20	318	215	320	217	201	5	0
20	320	215	322	217	201	-5	0
							
20	334	247	336	249	201	5	0
20	336	247	338	249	201	-5	0
20	334	231	336	233	201	5	0
20	336	231	338	233	201	-5	0

#cong ngang
20	279	240	281	242	201	0	-5
20	279	237	281	239	201	0	5
20	279	208	281	210	201	0	-5
20	279	205	281	207	201	0	5
							
20	263	224	265	226	201	0	-5
20	263	221	265	223	201	0	5
20	263	192	265	194	201	0	-5
20	263	189	265	191	201	0	5
							
20	295	240	297	242	201	0	-5
20	295	237	297	239	201	0	5
20	295	224	297	226	201	0	-5
20	295	221	297	223	201	0	5
20	295	208	297	210	201	0	-5
20	295	205	297	207	201	0	5
20	295	192	297	194	201	0	-5
20	295	189	297	191	201	0	5
							
20	311	240	313	242	201	0	-5
20	311	237	313	239	201	0	5
20	311	208	313	210	201	0	-5
20	311	205	313	207	201	0	5
20	311	176	313	178	201	0	-7
#20	311	173	313	175	201	0	5
							
20	327	208	329	210	201	0	-5
20	327	205	329	207	201	0	5
20	327	192	329	194	201	0	-5
20	327	189	329	191	201	0	5
							
20	343	224	345	226	201	0	-5
20	343	221	345	223	201	0	5
#area13
20	263	247	264	248	113	-191	-207
#gachbandc
22	292	242	293	243
22	291	244	292	245
22	291	250	292	251
22	293	246	294	247
22	295	248	296	249
22	297	244	298	245
22	229	248	230	249
22	299	244	300	245
22	299	250	300	251


#enemy21
301	262	231
301	311	246
301	281	250
301	298	232
301	262	231
301	264	196
301	260	200
301	265	180
301	309	184
301	327	198
301	278	215
#enemy22
302	277	245
302	279	244
302	281	250
302	295	245
302	325	246
302	305	243
302	292	228
302	343	246
302	260	212
302	281	199
302	259	232
302	307	230
302	315	228
302	326	215
302	344	215
302	341	228
302	275	212
302	293	182
#enemy23
303	266	245
303	327	245	
303	340	244
303	325	243	
303	263	214
303	260	198
303	277	230
303	281	228
303	295	214
303	279	199
303	277	182
303	309	199
303	291	195
303	297	178
#boss
16	314	163
