[INFO]
256	156	354	256
[OBJECTS]
0	258	253	354	256
0	258	237	354	242
0	258	221	354	226
0	258	205	354	210
0	258	189	354	194
0	258	173	354	178
0	258	157	354	162
0	256	172	258	256
0	270	172	274	256
0	286	172	290	256
0	302	156	306	256
0	318	156	322	256
0	334	172	338	256
0	350	172	354	256
#bay gai
21	258	226	263	227
21	265	226	270	228
21	267	228	270	231
21	260	229	266	231
21	258	233	270	235
				
21	258	178	270	180
21	268	180	270	183
21	258	180	260	188
21	260	186	263	188
21	262	182	266	184
21	265	184	267	188
21	267	185	270	188
				
21	274	210	279	214
21	274	214	278	220
21	278	218	286	220
21	282	217	286	220
21	281	210	286	214
21	282	214	286	215

#portal 2
20	270	247	272	249	201	5	0
20	272	247	274	249	201	-5	0
20	270	231	272	233	201	5	0
20	272	231	274	233	201	-5	0
20	270	199	272	201	201	5	0
20	272	199	274	201	201	-5	0
20	270	183	272	185	201	5	0
20	272	183	274	185	201	-5	0
							
20	286	247	288	249	201	5	0
20	288	247	290	249	201	-5	0
20	286	215	288	217	201	5	0
20	288	215	290	217	201	-5	0
20	286	183	288	185	201	5	0
20	288	183	290	185	201	-5	0
							
20	302	247	304	249	201	5	0
20	304	247	306	249	201	-5	0
20	302	215	304	217	201	5	0
20	304	215	306	217	201	-5	0
20	302	183	304	185	201	5	0
20	304	183	306	185	201	-5	0
							
20	318	247	320	249	201	5	0
20	320	247	322	249	201	-5	0
20	318	231	320	233	201	5	0
20	320	231	322	233	201	-5	0
20	318	215	320	217	201	5	0
20	320	215	322	217	201	-5	0
							
20	334	247	336	249	201	5	0
20	336	247	338	249	201	-5	0
20	334	231	336	233	201	5	0
20	336	231	338	233	201	-5	0

#cong ngang
20	279	240	281	242	201	0	-5
20	279	237	281	239	201	0	5
20	279	208	281	210	201	0	-5
20	279	205	281	207	201	0	5
							
20	263	224	265	226	201	0	-5
20	263	221	265	223	201	0	5
20	263	192	265	194	201	0	-5
20	263	189	265	191	201	0	5
							
20	295	240	297	242	201	0	-5
20	295	237	297	239	201	0	5
20	295	224	297	226	201	0	-5
20	295	221	297	223	201	0	5
20	295	208	297	210	201	0	-5
20	295	205	297	207	201	0	5
20	295	192	297	194	201	0	-5
20	295	189	297	191	201	0	5
							
20	311	240	313	242	201	0	-5
20	311	237	313	239	201	0	5
20	311	208	313	210	201	0	-5
20	311	205	313	207	201	0	5
20	311	176	313	178	201	0	-5
20	311	173	313	175	201	0	5
							
20	327	208	329	210	201	0	-5
20	327	205	329	207	201	0	5
20	327	192	329	194	201	0	-5
20	327	189	329	191	201	0	5
							
20	343	224	345	226	201	0	-5
20	343	221	345	223	201	0	5
22	292	242	293	243
22	291	244	292	245
22	291	250	292	251
22	293	246	294	247
22	295	248	296	249
22	297	244	298	245
22	229	248	230	249
22	299	244	300	245
22	299	250	300	251


#enemy21
301	267	245
#enemy22
302	266	245
#enemy23
303	266	245

#boss
16	282	243
