[TEXTURES]
1	textures\opening_scene.png	255	255	255	1

#sprite_id	left	top	right	bottom	texture_id
[SPRITES]
10001	0	0	256	224	1
10002	259	0	515	224	1
10003	518	0	774	224	1
10004	777	0	1033	224	1
10005	0	227	256	451	1
10006	259	227	515	451	1
10007	518	227	774	451	1
10008	777	227	1033	451	1
10009	0	454	256	678	1
10010	259	454	515	678	1
10011	518	454	774	678	1
10012	777	454	1033	678	1
10013	0	681	256	905	1
10014	259	681	515	905	1
10015	518	681	774	905	1
10016	777	681	1033	905	1
10017	0	908	256	1132	1
10018	259	908	515	1132	1
10019	518	908	774	1132	1
10020	777	908	1033	1132	1
10021	0	1135	256	1359	1
10022	259	1135	515	1359	1
10023	518	1135	774	1359	1
10024	777	1135	1033	1359	1
10025	0	1362	256	1586	1
10026	259	1362	515	1586	1
10027	518	1362	774	1586	1
10028	777	1362	1033	1586	1
10029	0	1589	256	1813	1
10030	259	1589	515	1813	1
10031	518	1589	774	1813	1
10032	777	1589	1033	1813	1
10033	0	1816	256	2040	1
10034	259	1816	515	2040	1
10035	518	1816	774	2040	1
10036	777	1816	1033	2040	1
10037	0	2043	256	2267	1
10038	259	2043	515	2267	1
10039	518	2043	774	2267	1
10040	777	2043	1033	2267	1
10041	0	2270	256	2494	1


#ani_id	sprite1_id	time1	sprite2_id	time2	...
[ANIMATIONS]
2001	10001	33	10002	33	10003	33	10004	33	10001	33	10002	33	10003	33	10004	33	10001	33	10002	33	10003	33	10004	33	10001	33	10002	33	10003	33	10004	33	10001	4000	10005	50	10006	50	10007	50	10008	2000	10009	50	10010	50	10011	50	10012	2000	10013	50	10014	50	10015	50	10016	2000	10017	50	10018	50	10019	50	10020	1000	10021	1000	10022	1000	10023	50	10024	50	10025	50	10026	50	10027	50	10028	50	10029	2000	10030	50	10031	50	10032	50	10033	2000	10034	50	10035	50	10036	50	10037	2000	10038	50	10039	50	10040	50	10041	20000
#aniSet_id	ani_id1		ani_id2....
[ANIMATION_SETS]
1	2001



